0	1.92933e+06	2.35233e+06	3.23724e+06	4.42132e+06	5.7343e+06	4.65137e+06	4.77536e+06	4.78413e+06	5.73851e+06	6.67841e+06	4.99226e+06	5.9405e+06	4.39987e+06	6.69745e+06	4.26852e+06	4.38768e+06	5.79083e+06	5.71203e+06	6.28465e+06	5.91584e+06	6.01146e+06	5.67455e+06	5.66359e+06	6.19768e+06	5.1339e+06	5.34971e+06	5.37435e+06	5.63437e+06	5.57834e+06	4.19972e+06	4.93504e+06	5.01964e+06	5.15802e+06	4.52231e+06	5.05534e+06	4.8822e+06	4.415e+06	4.473e+06	4.32019e+06	4.30482e+06	4.26624e+06	6.07959e+06	4.27667e+06	4.59664e+06	4.61048e+06	5.06334e+06	5.04691e+06	5.04523e+06	6.06962e+06	4.33399e+06	4.4006e+06	4.27237e+06	4.9345e+06	4.91353e+06	5.58778e+06	5.68479e+06	5.54993e+06	5.52495e+06	4.5185e+06	4.44058e+06	5.52379e+06	4.58197e+06	4.54288e+06	4.31543e+06	4.47732e+06	4.28183e+06	4.53699e+06	5.03555e+06	5.08477e+06	5.03525e+06	5.03949e+06	5.02829e+06	5.66365e+06	5.55158e+06	5.66738e+06	4.58627e+06	4.84255e+06	4.27325e+06	4.26344e+06	4.23931e+06	4.30586e+06	4.10541e+06	6.16857e+06	6.09191e+06	4.2877e+06	5.89162e+06	5.87693e+06	5.57492e+06	5.48163e+06	6.13355e+06	5.35486e+06	4.63219e+06	4.1028e+06	4.46491e+06	4.51347e+06	4.48265e+06	5.94077e+06	4.28047e+06	5.08774e+06	5.08462e+06	4.89672e+06	4.99226e+06	4.92924e+06	4.92781e+06	4.06452e+06	4.082e+06	4.16863e+06	4.23789e+06	4.23847e+06	5.61267e+06	4.5866e+06	4.46963e+06	5.70289e+06	4.40296e+06	5.39752e+06	4.4481e+06	4.46022e+06	4.8766e+06	4.91558e+06	4.96542e+06	5.00374e+06	4.48528e+06	4.74511e+06	4.84406e+06	4.72541e+06	5.02769e+06	5.00268e+06	4.17479e+06	6.00992e+06	4.31778e+06	3.98713e+06	5.09877e+06	5.09468e+06	5.42872e+06	5.86613e+06	4.6453e+06	4.53791e+06	4.92346e+06	4.91013e+06
1.92933e+06	0	3.22135e+06	1.35825e+06	4.65075e+06	5.71143e+06	4.41968e+06	4.52975e+06	4.49211e+06	5.69844e+06	6.95245e+06	5.20952e+06	5.80135e+06	5.0666e+06	6.96371e+06	4.63303e+06	4.81401e+06	5.60106e+06	5.5019e+06	6.2975e+06	5.71484e+06	5.84118e+06	5.4277e+06	5.4008e+06	6.16835e+06	4.77497e+06	5.60615e+06	5.55546e+06	5.45104e+06	5.35646e+06	4.45058e+06	4.69781e+06	5.40201e+06	5.1536e+06	4.56631e+06	5.03397e+06	4.88193e+06	4.67902e+06	4.4606e+06	4.36835e+06	4.69141e+06	4.65165e+06	6.16648e+06	4.64244e+06	4.53654e+06	4.58358e+06	4.87469e+06	5.0595e+06	4.91249e+06	6.04092e+06	4.62796e+06	4.89392e+06	4.63785e+06	4.75106e+06	4.71109e+06	5.48734e+06	5.64837e+06	5.47451e+06	5.6225e+06	4.42956e+06	4.78772e+06	5.41408e+06	4.79488e+06	4.77519e+06	4.527e+06	4.84333e+06	4.49219e+06	4.65212e+06	4.92892e+06	5.23682e+06	5.24553e+06	5.209e+06	5.15708e+06	5.43153e+06	5.70942e+06	5.46102e+06	4.84309e+06	4.59742e+06	4.48901e+06	4.69708e+06	4.64462e+06	4.71655e+06	4.31847e+06	6.31195e+06	6.10445e+06	4.46521e+06	5.73314e+06	5.72657e+06	5.74868e+06	5.65073e+06	6.40467e+06	5.52368e+06	4.94333e+06	4.3102e+06	4.66668e+06	4.77225e+06	4.74412e+06	5.90551e+06	4.55071e+06	4.9426e+06	4.8302e+06	4.69329e+06	4.79642e+06	4.78159e+06	4.72715e+06	4.46325e+06	4.5668e+06	4.71402e+06	4.47569e+06	4.41907e+06	5.42603e+06	4.86172e+06	4.45574e+06	5.58357e+06	4.45758e+06	5.81413e+06	4.59674e+06	4.3836e+06	5.00786e+06	5.08061e+06	4.92461e+06	4.99288e+06	4.65705e+06	4.54081e+06	4.80811e+06	4.46187e+06	4.80352e+06	4.73544e+06	4.42785e+06	5.96133e+06	4.59369e+06	4.32318e+06	4.92306e+06	4.83251e+06	5.53666e+06	5.71695e+06	4.66213e+06	4.64487e+06	4.6946e+06	4.75686e+06
2.35233e+06	3.22135e+06	0	2.04273e+06	4.45247e+06	5.7429e+06	4.66253e+06	4.7839e+06	4.80032e+06	5.73924e+06	6.67599e+06	4.99433e+06	5.9437e+06	4.38862e+06	6.6949e+06	4.24626e+06	4.36607e+06	5.79341e+06	5.71365e+06	6.27805e+06	5.91836e+06	6.00381e+06	5.67528e+06	5.67078e+06	6.18353e+06	5.14787e+06	5.34032e+06	5.36829e+06	5.63814e+06	5.58322e+06	4.21822e+06	4.92885e+06	5.00954e+06	5.1586e+06	4.52081e+06	5.04318e+06	4.86852e+06	4.42018e+06	4.46517e+06	4.30851e+06	4.30448e+06	4.25706e+06	6.09313e+06	4.25717e+06	4.574e+06	4.61073e+06	5.07303e+06	5.06727e+06	5.06266e+06	6.07648e+06	4.34473e+06	4.38823e+06	4.27254e+06	4.93796e+06	4.91167e+06	5.59129e+06	5.6758e+06	5.55246e+06	5.51791e+06	4.52028e+06	4.42964e+06	5.54235e+06	4.59764e+06	4.54341e+06	4.33418e+06	4.49643e+06	4.30044e+06	4.53408e+06	5.04279e+06	5.09131e+06	5.04299e+06	5.03238e+06	5.02066e+06	5.66662e+06	5.55414e+06	5.67377e+06	4.57123e+06	4.85101e+06	4.26648e+06	4.27717e+06	4.25092e+06	4.27268e+06	4.10728e+06	6.1616e+06	6.09192e+06	4.27438e+06	5.91395e+06	5.88273e+06	5.56277e+06	5.47887e+06	6.1256e+06	5.34538e+06	4.62308e+06	4.10376e+06	4.4608e+06	4.50911e+06	4.46753e+06	5.93475e+06	4.29319e+06	5.09401e+06	5.10981e+06	4.91431e+06	4.99361e+06	4.92982e+06	4.93024e+06	4.0419e+06	4.0778e+06	4.1552e+06	4.23002e+06	4.25008e+06	5.59906e+06	4.57318e+06	4.45895e+06	5.70921e+06	4.41803e+06	5.38211e+06	4.43556e+06	4.48473e+06	4.88525e+06	4.90974e+06	4.96674e+06	5.01375e+06	4.46822e+06	4.7696e+06	4.8634e+06	4.75191e+06	5.03878e+06	5.01024e+06	4.1797e+06	6.02123e+06	4.33514e+06	3.98462e+06	5.11462e+06	5.12049e+06	5.42149e+06	5.86677e+06	4.65012e+06	4.55322e+06	4.93563e+06	4.91647e+06
3.23724e+06	1.35825e+06	2.04273e+06	0	4.6589e+06	5.6999e+06	4.40397e+06	4.51433e+06	4.47371e+06	5.68112e+06	6.92827e+06	5.17822e+06	5.79219e+06	5.04254e+06	6.93892e+06	4.59904e+06	4.773e+06	5.59503e+06	5.49742e+06	6.28327e+06	5.71308e+06	5.82662e+06	5.42403e+06	5.3993e+06	6.14801e+06	4.74725e+06	5.57404e+06	5.52633e+06	5.44512e+06	5.35212e+06	4.44273e+06	4.68581e+06	5.35676e+06	5.13377e+06	4.55059e+06	5.00697e+06	4.84934e+06	4.66635e+06	4.43864e+06	4.34877e+06	4.67318e+06	4.63055e+06	6.1554e+06	4.61505e+06	4.5105e+06	4.56776e+06	4.85014e+06	5.03978e+06	4.89443e+06	6.03016e+06	4.62313e+06	4.86626e+06	4.62242e+06	4.74494e+06	4.69277e+06	5.4725e+06	5.62785e+06	5.46148e+06	5.59285e+06	4.41447e+06	4.75299e+06	5.41663e+06	4.79216e+06	4.76421e+06	4.52911e+06	4.83498e+06	4.49538e+06	4.63641e+06	4.90539e+06	5.2004e+06	5.22138e+06	5.17135e+06	5.12669e+06	5.43649e+06	5.68878e+06	5.46381e+06	4.82472e+06	4.59488e+06	4.47372e+06	4.68006e+06	4.63195e+06	4.67237e+06	4.31333e+06	6.28616e+06	6.09206e+06	4.44967e+06	5.73763e+06	5.72301e+06	5.71969e+06	5.62182e+06	6.37492e+06	5.49854e+06	4.91735e+06	4.3008e+06	4.64557e+06	4.74202e+06	4.71266e+06	5.89637e+06	4.54466e+06	4.91214e+06	4.82022e+06	4.68907e+06	4.78235e+06	4.76784e+06	4.7072e+06	4.44406e+06	4.56165e+06	4.70196e+06	4.46777e+06	4.41519e+06	5.4082e+06	4.83158e+06	4.4399e+06	5.58e+06	4.4483e+06	5.77039e+06	4.57226e+06	4.38327e+06	4.98935e+06	5.04546e+06	4.90784e+06	4.98362e+06	4.63749e+06	4.53124e+06	4.78838e+06	4.45835e+06	4.78306e+06	4.72082e+06	4.42025e+06	5.95467e+06	4.5864e+06	4.3213e+06	4.90601e+06	4.82559e+06	5.50787e+06	5.70579e+06	4.64526e+06	4.64158e+06	4.68842e+06	4.74293e+06
4.42132e+06	4.65075e+06	4.45247e+06	4.6589e+06	0	5.73946e+06	4.72045e+06	4.80441e+06	4.81974e+06	5.73092e+06	6.6173e+06	4.94249e+06	5.95212e+06	4.78962e+06	6.63593e+06	4.4259e+06	4.59668e+06	5.8143e+06	5.73671e+06	6.24593e+06	5.92907e+06	5.99839e+06	5.70951e+06	5.7151e+06	6.16263e+06	5.0971e+06	5.34942e+06	5.36218e+06	5.66206e+06	5.62296e+06	4.41032e+06	4.92381e+06	4.99316e+06	5.12742e+06	4.53869e+06	5.00428e+06	4.8532e+06	4.48872e+06	4.52786e+06	4.39221e+06	4.4139e+06	4.41737e+06	6.04125e+06	4.43457e+06	4.59379e+06	4.6143e+06	5.08682e+06	5.06675e+06	5.05977e+06	6.06309e+06	4.502e+06	4.5881e+06	4.52219e+06	4.93385e+06	4.88812e+06	5.60898e+06	5.69664e+06	5.56092e+06	5.49101e+06	4.55722e+06	4.53123e+06	5.58623e+06	4.56271e+06	4.53391e+06	4.41536e+06	4.51014e+06	4.33069e+06	4.51217e+06	5.04868e+06	5.03631e+06	5.01804e+06	5.00479e+06	4.99173e+06	5.73335e+06	5.53717e+06	5.73037e+06	4.73601e+06	4.88384e+06	4.45193e+06	4.4464e+06	4.37869e+06	4.41736e+06	4.33504e+06	6.13224e+06	6.09202e+06	4.48946e+06	5.91965e+06	5.8949e+06	5.55212e+06	5.45597e+06	6.08495e+06	5.34034e+06	4.75313e+06	4.31644e+06	4.58925e+06	4.64972e+06	4.61109e+06	5.94462e+06	4.32562e+06	5.07574e+06	5.116e+06	4.90482e+06	4.95363e+06	4.91773e+06	4.94134e+06	4.52109e+06	4.61789e+06	4.6509e+06	4.45614e+06	4.41232e+06	5.63091e+06	4.66568e+06	4.55071e+06	5.70085e+06	4.50181e+06	5.36035e+06	4.57499e+06	4.5526e+06	4.88689e+06	4.91946e+06	5.06106e+06	5.0426e+06	4.61441e+06	4.80309e+06	4.83351e+06	4.78622e+06	5.04738e+06	5.03164e+06	4.2529e+06	5.99546e+06	4.5079e+06	4.43152e+06	5.10695e+06	5.11506e+06	5.41358e+06	5.86892e+06	4.62558e+06	4.51525e+06	4.90717e+06	4.91344e+06
5.7343e+06	5.71143e+06	5.7429e+06	5.6999e+06	5.73946e+06	0	5.71345e+06	5.74271e+06	5.78791e+06	4.08841e+06	5.95417e+06	5.65432e+06	4.49003e+06	5.8151e+06	5.92195e+06	5.74455e+06	5.73054e+06	5.08676e+06	5.02793e+06	5.64281e+06	5.28155e+06	5.36877e+06	4.99825e+06	4.98737e+06	5.57274e+06	5.67959e+06	5.01602e+06	5.02363e+06	4.95972e+06	4.89693e+06	5.73852e+06	5.68732e+06	5.82933e+06	5.90262e+06	5.57331e+06	5.74352e+06	5.62337e+06	5.57161e+06	5.61013e+06	5.64691e+06	5.64751e+06	5.65075e+06	4.67935e+06	5.76988e+06	5.65042e+06	5.65808e+06	5.94121e+06	5.80036e+06	5.84353e+06	4.65479e+06	5.80285e+06	5.83854e+06	5.84268e+06	5.70265e+06	5.65082e+06	4.95289e+06	4.83995e+06	5.01375e+06	5.02385e+06	5.64595e+06	5.68386e+06	5.22173e+06	5.70091e+06	5.6698e+06	5.63626e+06	5.67966e+06	5.62589e+06	5.59663e+06	5.79089e+06	5.80245e+06	5.71685e+06	5.79612e+06	5.70273e+06	5.11663e+06	5.05151e+06	5.1403e+06	5.87253e+06	5.73702e+06	5.71643e+06	5.72308e+06	5.73286e+06	5.66468e+06	5.69358e+06	5.11372e+06	5.26035e+06	5.70093e+06	4.47686e+06	5.19781e+06	5.1362e+06	5.91141e+06	5.62258e+06	5.25328e+06	5.91086e+06	5.69095e+06	5.72213e+06	5.73913e+06	5.6307e+06	5.24577e+06	5.72551e+06	5.83046e+06	5.90453e+06	5.67903e+06	5.70811e+06	5.66221e+06	5.69503e+06	5.67665e+06	5.73486e+06	5.70428e+06	5.78431e+06	5.70539e+06	4.98986e+06	5.81365e+06	5.60265e+06	5.0447e+06	5.65386e+06	5.31194e+06	5.60965e+06	5.5858e+06	5.68404e+06	5.73711e+06	5.83806e+06	5.86251e+06	5.82245e+06	5.7971e+06	5.79451e+06	5.75657e+06	5.87028e+06	5.91828e+06	5.71687e+06	4.59183e+06	5.77474e+06	5.64793e+06	5.87211e+06	5.92734e+06	4.90295e+06	4.38515e+06	5.63964e+06	5.66195e+06	5.67183e+06	5.65995e+06
4.65137e+06	4.41968e+06	4.66253e+06	4.40397e+06	4.72045e+06	5.71345e+06	0	3.44215e+06	4.20287e+06	5.68278e+06	6.66727e+06	4.87458e+06	5.89453e+06	5.15373e+06	6.67797e+06	4.61492e+06	4.75021e+06	5.75344e+06	5.69247e+06	6.21363e+06	5.86179e+06	5.9405e+06	5.67089e+06	5.65673e+06	6.13117e+06	4.56586e+06	5.41289e+06	5.40274e+06	5.60425e+06	5.5361e+06	4.58489e+06	4.71521e+06	4.98269e+06	4.97938e+06	4.58331e+06	4.85675e+06	4.73737e+06	4.68062e+06	4.56639e+06	4.39605e+06	4.74327e+06	4.74197e+06	6.02762e+06	4.63861e+06	4.61671e+06	4.65013e+06	4.34119e+06	4.50915e+06	4.36093e+06	6.01653e+06	4.63041e+06	4.68046e+06	4.59022e+06	4.73265e+06	4.70011e+06	5.59768e+06	5.66432e+06	5.56473e+06	5.52135e+06	4.5526e+06	4.61577e+06	5.58651e+06	4.89334e+06	4.82217e+06	4.74011e+06	4.81408e+06	4.63877e+06	4.66658e+06	4.41549e+06	4.54097e+06	4.94259e+06	4.93351e+06	4.87719e+06	5.72206e+06	5.56352e+06	5.72017e+06	4.80666e+06	4.65844e+06	4.56397e+06	4.63151e+06	4.61103e+06	4.60583e+06	4.50456e+06	6.12854e+06	6.07736e+06	4.54845e+06	5.8596e+06	5.8326e+06	5.60283e+06	5.24739e+06	6.15512e+06	5.47659e+06	4.85158e+06	4.51952e+06	4.65303e+06	4.69206e+06	4.64921e+06	5.9225e+06	4.62182e+06	4.3575e+06	4.2969e+06	4.6998e+06	4.76328e+06	4.73054e+06	4.71923e+06	4.85828e+06	4.98106e+06	5.03879e+06	4.59109e+06	4.52073e+06	5.58262e+06	4.6798e+06	4.5544e+06	5.67126e+06	4.5355e+06	5.47063e+06	4.63267e+06	4.51239e+06	4.82408e+06	4.84539e+06	4.84265e+06	4.86923e+06	4.69523e+06	3.80477e+06	3.93346e+06	3.82469e+06	4.3003e+06	4.29937e+06	4.59256e+06	5.95838e+06	4.62633e+06	4.75013e+06	4.35149e+06	4.31958e+06	5.44205e+06	5.80501e+06	4.61086e+06	4.68172e+06	4.71118e+06	4.7534e+06
4.77536e+06	4.52975e+06	4.7839e+06	4.51433e+06	4.80441e+06	5.74271e+06	3.44215e+06	0	4.29178e+06	5.7512e+06	6.68113e+06	4.93364e+06	5.93151e+06	5.23449e+06	6.68937e+06	4.74582e+06	4.88022e+06	5.81093e+06	5.7403e+06	6.23963e+06	5.90885e+06	5.99044e+06	5.72235e+06	5.72251e+06	6.16612e+06	4.53083e+06	5.45598e+06	5.46616e+06	5.6474e+06	5.59861e+06	4.69454e+06	4.73786e+06	5.06143e+06	5.00866e+06	4.65123e+06	4.85473e+06	4.7602e+06	4.73842e+06	4.63966e+06	4.4996e+06	4.83732e+06	4.84175e+06	6.05393e+06	4.78819e+06	4.6615e+06	4.68423e+06	4.34766e+06	4.472e+06	4.34396e+06	6.03289e+06	4.72774e+06	4.87848e+06	4.80398e+06	4.74448e+06	4.7227e+06	5.63909e+06	5.71257e+06	5.6314e+06	5.5895e+06	4.58827e+06	4.72962e+06	5.66261e+06	4.95682e+06	4.89328e+06	4.8072e+06	4.88542e+06	4.71524e+06	4.73593e+06	4.37923e+06	4.55751e+06	4.98111e+06	4.97497e+06	4.92367e+06	5.77161e+06	5.61595e+06	5.79397e+06	4.91251e+06	4.70542e+06	4.6731e+06	4.75472e+06	4.76833e+06	4.78036e+06	4.66595e+06	6.16191e+06	6.10557e+06	4.67194e+06	5.88496e+06	5.86438e+06	5.67262e+06	5.26226e+06	6.19662e+06	5.54596e+06	4.9327e+06	4.6325e+06	4.74059e+06	4.78199e+06	4.74713e+06	5.97228e+06	4.75764e+06	4.33183e+06	4.26992e+06	4.71288e+06	4.75988e+06	4.73917e+06	4.74786e+06	4.94155e+06	5.05487e+06	5.11187e+06	4.67905e+06	4.62398e+06	5.64286e+06	4.71882e+06	4.63532e+06	5.70762e+06	4.6399e+06	5.5304e+06	4.69773e+06	4.59777e+06	4.88084e+06	4.88719e+06	4.88416e+06	4.90708e+06	4.82354e+06	3.49729e+06	3.61727e+06	3.61392e+06	4.25961e+06	4.28202e+06	4.73755e+06	5.97244e+06	4.72186e+06	4.83775e+06	4.31922e+06	4.28678e+06	5.49136e+06	5.84141e+06	4.6923e+06	4.7312e+06	4.72721e+06	4.76471e+06
4.78413e+06	4.49211e+06	4.80032e+06	4.47371e+06	4.81974e+06	5.78791e+06	4.20287e+06	4.29178e+06	0	5.75262e+06	6.67953e+06	4.8638e+06	5.97849e+06	5.23155e+06	6.69215e+06	4.69493e+06	4.81902e+06	5.83882e+06	5.78585e+06	6.26378e+06	5.96015e+06	6.01692e+06	5.77046e+06	5.77e+06	6.18714e+06	4.43672e+06	5.42549e+06	5.43538e+06	5.69715e+06	5.63369e+06	4.66045e+06	4.79702e+06	4.9804e+06	5.02418e+06	4.67071e+06	4.88518e+06	4.78344e+06	4.76381e+06	4.64115e+06	4.53111e+06	4.8369e+06	4.85287e+06	6.08207e+06	4.73886e+06	4.69858e+06	4.73304e+06	3.89245e+06	4.09184e+06	4.00906e+06	6.10991e+06	4.73729e+06	4.82051e+06	4.78603e+06	4.78919e+06	4.75945e+06	5.68252e+06	5.73336e+06	5.66434e+06	5.56148e+06	4.66088e+06	4.66655e+06	5.69835e+06	5.03298e+06	4.93806e+06	4.84342e+06	4.92158e+06	4.77875e+06	4.74708e+06	4.03539e+06	4.19193e+06	4.92219e+06	4.94173e+06	4.8965e+06	5.8636e+06	5.61277e+06	5.84525e+06	4.91532e+06	4.76068e+06	4.67401e+06	4.69707e+06	4.74414e+06	4.71357e+06	4.57655e+06	6.17502e+06	6.12096e+06	4.64493e+06	5.9554e+06	5.91479e+06	5.66013e+06	5.23645e+06	6.17941e+06	5.52662e+06	4.89476e+06	4.61163e+06	4.70762e+06	4.75412e+06	4.69253e+06	6.01312e+06	4.75237e+06	3.93024e+06	3.84989e+06	4.75109e+06	4.79279e+06	4.7804e+06	4.7665e+06	4.96446e+06	5.08982e+06	5.14489e+06	4.70474e+06	4.6225e+06	5.67507e+06	4.74601e+06	4.66865e+06	5.72505e+06	4.64779e+06	5.45963e+06	4.69921e+06	4.64626e+06	4.86151e+06	4.86687e+06	4.93968e+06	4.95838e+06	4.81475e+06	4.30592e+06	4.36218e+06	4.24148e+06	3.86244e+06	3.82824e+06	4.73833e+06	6.03685e+06	4.7308e+06	4.87427e+06	3.91297e+06	3.87831e+06	5.48282e+06	5.90354e+06	4.72334e+06	4.7766e+06	4.78397e+06	4.77913e+06
5.73851e+06	5.69844e+06	5.73924e+06	5.68112e+06	5.73092e+06	4.08841e+06	5.68278e+06	5.7512e+06	5.75262e+06	0	5.94056e+06	5.6378e+06	4.45025e+06	5.81537e+06	5.90482e+06	5.70374e+06	5.73926e+06	5.03478e+06	4.9459e+06	5.60539e+06	5.21709e+06	5.30788e+06	4.93844e+06	4.92337e+06	5.51515e+06	5.69094e+06	5.09551e+06	4.9815e+06	4.90246e+06	4.83987e+06	5.72002e+06	5.67014e+06	5.75037e+06	5.84637e+06	5.61998e+06	5.71839e+06	5.66029e+06	5.58605e+06	5.60911e+06	5.6103e+06	5.63555e+06	5.6539e+06	4.74765e+06	5.73022e+06	5.63785e+06	5.63961e+06	5.89073e+06	5.88572e+06	5.88771e+06	4.57206e+06	5.79348e+06	5.83643e+06	5.84999e+06	5.6655e+06	5.64914e+06	4.95351e+06	4.85882e+06	4.9727e+06	4.98853e+06	5.62954e+06	5.66293e+06	5.16894e+06	5.69729e+06	5.62664e+06	5.65252e+06	5.7081e+06	5.61368e+06	5.58631e+06	5.85856e+06	5.80829e+06	5.71863e+06	5.69674e+06	5.69693e+06	5.07461e+06	5.08577e+06	5.07511e+06	5.87522e+06	5.71191e+06	5.73295e+06	5.66634e+06	5.66834e+06	5.63966e+06	5.67794e+06	5.08744e+06	5.22377e+06	5.67576e+06	4.45996e+06	5.12779e+06	5.07454e+06	5.90415e+06	5.56088e+06	5.17191e+06	5.87622e+06	5.67029e+06	5.64654e+06	5.66949e+06	5.64175e+06	5.21883e+06	5.65832e+06	5.86093e+06	5.89661e+06	5.6493e+06	5.69112e+06	5.64301e+06	5.68192e+06	5.69503e+06	5.73347e+06	5.75341e+06	5.77243e+06	5.68664e+06	4.92324e+06	5.80425e+06	5.61902e+06	5.03054e+06	5.64044e+06	5.33286e+06	5.67178e+06	5.57618e+06	5.742e+06	5.70686e+06	5.82897e+06	5.85135e+06	5.81553e+06	5.74227e+06	5.7376e+06	5.72161e+06	5.8764e+06	5.89285e+06	5.69124e+06	4.58975e+06	5.76187e+06	5.66662e+06	5.87054e+06	5.90341e+06	4.93708e+06	4.42055e+06	5.61554e+06	5.67496e+06	5.66353e+06	5.68097e+06
6.67841e+06	6.95245e+06	6.67599e+06	6.92827e+06	6.6173e+06	5.95417e+06	6.66727e+06	6.68113e+06	6.67953e+06	5.94056e+06	0	6.45258e+06	6.0413e+06	6.51375e+06	1.83793e+06	6.59931e+06	6.62322e+06	6.11335e+06	6.09559e+06	6.01523e+06	6.06696e+06	6.03783e+06	6.07022e+06	6.08395e+06	6.00731e+06	6.54814e+06	5.84263e+06	5.71199e+06	5.74442e+06	6.00907e+06	6.64392e+06	6.6338e+06	6.55748e+06	6.72543e+06	6.55933e+06	6.56957e+06	6.53694e+06	6.48587e+06	6.59125e+06	6.60752e+06	6.49598e+06	6.52201e+06	6.05535e+06	6.63645e+06	6.60275e+06	6.58664e+06	6.7384e+06	6.66507e+06	6.71097e+06	6.05732e+06	6.65459e+06	6.63115e+06	6.70163e+06	6.61506e+06	6.60468e+06	6.0118e+06	6.03404e+06	6.02081e+06	5.98975e+06	6.62257e+06	6.50658e+06	6.19168e+06	6.55309e+06	6.50924e+06	6.56062e+06	6.52718e+06	6.55356e+06	6.50656e+06	6.67506e+06	6.57993e+06	6.50147e+06	6.52863e+06	6.52324e+06	6.03359e+06	6.01103e+06	6.03431e+06	6.69314e+06	6.67573e+06	6.64372e+06	6.56421e+06	6.56735e+06	6.52815e+06	6.6434e+06	5.98014e+06	4.58747e+06	6.64803e+06	6.04079e+06	6.13018e+06	5.98949e+06	6.59061e+06	3.94785e+06	6.00305e+06	6.70741e+06	6.64966e+06	6.58573e+06	6.58481e+06	6.53723e+06	6.11165e+06	6.59473e+06	6.68161e+06	6.75507e+06	6.6096e+06	6.61647e+06	6.57541e+06	6.62124e+06	6.57852e+06	6.57852e+06	6.53749e+06	6.68758e+06	6.63794e+06	6.07076e+06	6.62801e+06	6.59823e+06	6.05936e+06	6.61352e+06	6.11482e+06	6.57786e+06	6.59329e+06	6.55589e+06	6.53649e+06	6.68229e+06	6.68659e+06	6.68609e+06	6.72174e+06	6.63138e+06	6.68574e+06	6.74228e+06	6.77751e+06	6.63917e+06	6.03375e+06	6.65746e+06	6.58145e+06	6.71694e+06	6.76879e+06	5.90156e+06	6.0116e+06	6.5528e+06	6.5912e+06	6.63145e+06	6.60162e+06
4.99226e+06	5.20952e+06	4.99433e+06	5.17822e+06	4.94249e+06	5.65432e+06	4.87458e+06	4.93364e+06	4.8638e+06	5.6378e+06	6.45258e+06	0	6.02381e+06	4.94182e+06	6.53167e+06	4.63119e+06	4.41522e+06	5.90851e+06	5.83452e+06	6.22977e+06	6.02215e+06	6.05286e+06	5.85377e+06	5.88887e+06	6.16359e+06	4.79945e+06	4.90459e+06	4.94374e+06	5.71344e+06	5.65426e+06	4.80846e+06	4.46658e+06	3.97868e+06	4.51994e+06	4.5262e+06	4.37664e+06	4.36986e+06	4.62144e+06	4.56648e+06	4.68362e+06	4.60626e+06	4.69767e+06	5.9615e+06	4.72888e+06	4.69966e+06	4.67484e+06	4.95878e+06	4.82697e+06	4.92833e+06	6.06879e+06	4.87179e+06	4.76481e+06	4.96919e+06	4.42126e+06	4.43192e+06	5.58134e+06	5.58776e+06	5.57452e+06	5.09726e+06	4.68446e+06	4.40251e+06	5.8225e+06	4.93035e+06	4.72893e+06	4.81812e+06	4.73068e+06	4.71411e+06	4.53845e+06	4.8511e+06	4.46228e+06	4.11286e+06	4.12746e+06	4.13331e+06	6.00045e+06	5.2011e+06	5.95937e+06	4.96795e+06	4.7268e+06	4.80612e+06	4.42491e+06	4.49037e+06	4.39303e+06	4.75627e+06	6.14632e+06	6.09192e+06	4.75519e+06	6.00998e+06	5.97189e+06	5.15542e+06	4.48634e+06	5.77905e+06	5.14925e+06	4.85163e+06	4.76182e+06	4.39178e+06	4.38038e+06	4.36892e+06	6.05228e+06	4.72938e+06	4.84603e+06	5.03562e+06	4.38673e+06	4.41971e+06	4.29568e+06	4.43544e+06	4.96795e+06	5.0729e+06	4.9528e+06	4.92183e+06	4.75458e+06	5.64344e+06	4.80733e+06	4.61018e+06	5.66009e+06	4.632e+06	4.65859e+06	4.56112e+06	4.62085e+06	4.31262e+06	4.20121e+06	4.82376e+06	4.83855e+06	4.9119e+06	4.82083e+06	4.70567e+06	4.89208e+06	4.9674e+06	5.04993e+06	4.84988e+06	6.03727e+06	4.83276e+06	4.91628e+06	4.9533e+06	5.06356e+06	5.11577e+06	5.92565e+06	4.55178e+06	4.76703e+06	4.49174e+06	4.41978e+06
5.9405e+06	5.80135e+06	5.9437e+06	5.79219e+06	5.95212e+06	4.49003e+06	5.89453e+06	5.93151e+06	5.97849e+06	4.45025e+06	6.0413e+06	6.02381e+06	0	6.10052e+06	5.9812e+06	6.02702e+06	6.13905e+06	5.09918e+06	5.02579e+06	5.68013e+06	5.29145e+06	5.39243e+06	4.98849e+06	4.99514e+06	5.61604e+06	5.92549e+06	5.38434e+06	5.27712e+06	4.9919e+06	4.92733e+06	5.99337e+06	5.83973e+06	6.19594e+06	6.08942e+06	5.86816e+06	5.95724e+06	5.89278e+06	5.89764e+06	5.84185e+06	5.87728e+06	5.9598e+06	5.9532e+06	4.20033e+06	6.05309e+06	5.83328e+06	5.85342e+06	6.11486e+06	6.14361e+06	6.10618e+06	3.93143e+06	6.04296e+06	6.14718e+06	6.08931e+06	5.84888e+06	5.83902e+06	5.06625e+06	5.01234e+06	5.09073e+06	5.25287e+06	5.82696e+06	6.04868e+06	5.2387e+06	5.91838e+06	5.90583e+06	5.87709e+06	5.98334e+06	5.87768e+06	5.85026e+06	6.10544e+06	6.19903e+06	6.05132e+06	6.06717e+06	6.01919e+06	5.09267e+06	5.31399e+06	5.12062e+06	6.09623e+06	5.85479e+06	5.97792e+06	6.05882e+06	6.04067e+06	6.0115e+06	5.95071e+06	5.09295e+06	5.26414e+06	5.96748e+06	4.05495e+06	5.19016e+06	5.3416e+06	6.16734e+06	5.77034e+06	5.44328e+06	6.14582e+06	5.93899e+06	5.98798e+06	6.0302e+06	5.96638e+06	5.27172e+06	5.95815e+06	6.09934e+06	6.08773e+06	5.84838e+06	5.87289e+06	5.85993e+06	5.86233e+06	5.92079e+06	5.96087e+06	6.0002e+06	6.00607e+06	5.95592e+06	5.02767e+06	6.0603e+06	5.84139e+06	5.14387e+06	5.87727e+06	5.73055e+06	5.90325e+06	5.79154e+06	6.00861e+06	6.04074e+06	6.00081e+06	6.00596e+06	6.02888e+06	5.99178e+06	6.03143e+06	5.91909e+06	6.08464e+06	6.09542e+06	5.95205e+06	4.24091e+06	6.00758e+06	5.8939e+06	6.09613e+06	6.10579e+06	5.16236e+06	3.45027e+06	5.86551e+06	5.89936e+06	5.82778e+06	5.86076e+06
4.39987e+06	5.0666e+06	4.38862e+06	5.04254e+06	4.78962e+06	5.8151e+06	5.15373e+06	5.23449e+06	5.23155e+06	5.81537e+06	6.51375e+06	4.94182e+06	6.10052e+06	0	6.55265e+06	4.71083e+06	4.71397e+06	6.01074e+06	5.95284e+06	6.33834e+06	6.14436e+06	6.19273e+06	5.93248e+06	5.94259e+06	6.27211e+06	5.40201e+06	5.26263e+06	5.30547e+06	5.82813e+06	5.80426e+06	4.81057e+06	5.35962e+06	4.90217e+06	5.3801e+06	4.88882e+06	5.2363e+06	5.09379e+06	4.70077e+06	4.93811e+06	4.84556e+06	4.32933e+06	4.36909e+06	6.07807e+06	4.78305e+06	5.00288e+06	4.97852e+06	5.41402e+06	5.27805e+06	5.36226e+06	6.15423e+06	4.89854e+06	4.8141e+06	4.90626e+06	5.29475e+06	5.26665e+06	5.71328e+06	5.76257e+06	5.6754e+06	5.43362e+06	5.02154e+06	4.7711e+06	5.82941e+06	4.62709e+06	4.52386e+06	4.56852e+06	4.581e+06	4.59794e+06	4.71518e+06	5.32727e+06	5.09738e+06	5.04337e+06	5.0588e+06	5.08221e+06	5.94094e+06	5.4999e+06	5.91723e+06	5.09462e+06	5.34837e+06	4.84121e+06	4.60952e+06	4.59096e+06	4.53494e+06	4.78348e+06	6.18155e+06	6.13598e+06	4.94121e+06	6.09447e+06	6.09231e+06	5.45581e+06	5.50857e+06	5.94886e+06	5.27655e+06	5.02339e+06	4.76732e+06	4.85505e+06	4.85293e+06	4.83125e+06	6.06779e+06	4.61562e+06	5.34756e+06	5.48796e+06	5.27978e+06	5.32802e+06	5.21458e+06	5.28815e+06	3.81304e+06	3.60656e+06	3.54653e+06	4.93694e+06	4.82345e+06	5.8201e+06	4.95137e+06	4.95193e+06	5.86424e+06	4.91052e+06	5.17814e+06	4.88134e+06	4.97035e+06	5.06466e+06	5.03144e+06	5.39148e+06	5.39512e+06	5.04282e+06	5.16453e+06	5.11588e+06	5.22642e+06	5.41878e+06	5.46116e+06	4.67995e+06	6.11149e+06	4.86965e+06	3.94657e+06	5.41145e+06	5.49322e+06	5.4102e+06	6.03371e+06	4.93774e+06	4.90398e+06	5.3302e+06	5.25308e+06
6.69745e+06	6.96371e+06	6.6949e+06	6.93892e+06	6.63593e+06	5.92195e+06	6.67797e+06	6.68937e+06	6.69215e+06	5.90482e+06	1.83793e+06	6.53167e+06	5.9812e+06	6.55265e+06	0	6.64678e+06	6.69718e+06	6.06477e+06	6.05477e+06	5.95338e+06	6.01431e+06	5.98037e+06	6.0246e+06	6.03723e+06	5.94763e+06	6.56087e+06	5.87121e+06	5.74032e+06	5.69492e+06	5.96989e+06	6.67737e+06	6.63711e+06	6.65695e+06	6.74802e+06	6.58957e+06	6.59633e+06	6.56531e+06	6.53119e+06	6.61623e+06	6.63483e+06	6.54705e+06	6.56597e+06	6.01332e+06	6.67619e+06	6.61636e+06	6.60387e+06	6.74614e+06	6.68949e+06	6.72263e+06	6.00424e+06	6.68261e+06	6.67367e+06	6.72218e+06	6.62565e+06	6.6145e+06	5.98894e+06	6.01566e+06	6.00337e+06	6.019e+06	6.63084e+06	6.57172e+06	6.149e+06	6.57191e+06	6.54208e+06	6.58699e+06	6.56993e+06	6.58931e+06	6.54702e+06	6.69566e+06	6.64006e+06	6.55515e+06	6.58466e+06	6.57363e+06	5.97483e+06	6.01756e+06	5.97871e+06	6.70712e+06	6.66899e+06	6.67196e+06	6.63271e+06	6.63046e+06	6.5994e+06	6.67549e+06	5.9195e+06	4.4801e+06	6.67977e+06	5.99069e+06	6.07781e+06	6.01927e+06	6.61392e+06	3.88726e+06	6.01543e+06	6.73372e+06	6.68299e+06	6.63421e+06	6.638e+06	6.58818e+06	6.05931e+06	6.62989e+06	6.69834e+06	6.75069e+06	6.62367e+06	6.62617e+06	6.59941e+06	6.62628e+06	6.59837e+06	6.59321e+06	6.56769e+06	6.70722e+06	6.6706e+06	6.04036e+06	6.65486e+06	6.62175e+06	6.0311e+06	6.64097e+06	6.17779e+06	6.60946e+06	6.61068e+06	6.59836e+06	6.59067e+06	6.68307e+06	6.68665e+06	6.69883e+06	6.74217e+06	6.65669e+06	6.69077e+06	6.74523e+06	6.77259e+06	6.66624e+06	5.98137e+06	6.68283e+06	6.60621e+06	6.72266e+06	6.76408e+06	5.90978e+06	5.96029e+06	6.57864e+06	6.60984e+06	6.63419e+06	6.61135e+06
4.26852e+06	4.63303e+06	4.24626e+06	4.59904e+06	4.4259e+06	5.74455e+06	4.61492e+06	4.74582e+06	4.69493e+06	5.70374e+06	6.59931e+06	4.63119e+06	6.02702e+06	4.71083e+06	6.64678e+06	0	4.02518e+06	5.8927e+06	5.80705e+06	6.29889e+06	6.01374e+06	6.07329e+06	5.80461e+06	5.82416e+06	6.21417e+06	4.9973e+06	5.11186e+06	5.15079e+06	5.71383e+06	5.63721e+06	4.06336e+06	4.93738e+06	4.5677e+06	5.02684e+06	4.4154e+06	4.92194e+06	4.7589e+06	4.26466e+06	4.41768e+06	4.21706e+06	4.24585e+06	4.27924e+06	6.05663e+06	3.97572e+06	4.60412e+06	4.58521e+06	4.947e+06	4.87169e+06	4.93034e+06	6.11292e+06	4.16504e+06	3.94882e+06	3.97463e+06	4.92903e+06	4.90751e+06	5.62332e+06	5.6742e+06	5.57579e+06	5.31141e+06	4.53146e+06	4.03559e+06	5.61721e+06	4.72494e+06	4.56982e+06	4.41673e+06	4.41011e+06	4.2536e+06	4.46805e+06	4.89429e+06	4.70703e+06	4.74813e+06	4.71786e+06	4.75519e+06	5.88321e+06	5.40447e+06	5.85248e+06	4.46197e+06	4.90239e+06	4.13231e+06	3.88972e+06	3.93947e+06	3.92533e+06	3.91585e+06	6.14992e+06	6.13452e+06	4.06192e+06	5.99874e+06	5.98662e+06	5.35274e+06	5.26352e+06	5.9582e+06	5.2038e+06	4.43771e+06	3.93851e+06	4.18042e+06	4.19729e+06	4.21449e+06	6.00273e+06	4.12846e+06	4.92968e+06	5.02729e+06	4.88901e+06	4.97907e+06	4.86053e+06	4.92673e+06	4.44558e+06	4.61868e+06	4.65047e+06	4.14991e+06	4.09202e+06	5.65651e+06	4.41133e+06	4.42878e+06	5.73714e+06	4.26272e+06	4.99725e+06	4.30631e+06	4.42445e+06	4.70373e+06	4.67093e+06	4.94986e+06	4.96782e+06	4.42888e+06	4.67998e+06	4.68125e+06	4.75015e+06	4.94783e+06	4.97051e+06	4.11973e+06	6.06276e+06	4.12632e+06	4.38426e+06	4.96902e+06	5.0382e+06	5.27882e+06	5.95469e+06	4.59385e+06	4.5187e+06	4.94883e+06	4.91241e+06
4.38768e+06	4.81401e+06	4.36607e+06	4.773e+06	4.59668e+06	5.73054e+06	4.75021e+06	4.88022e+06	4.81902e+06	5.73926e+06	6.62322e+06	4.41522e+06	6.13905e+06	4.71397e+06	6.69718e+06	4.02518e+06	0	6.03492e+06	5.96575e+06	6.44585e+06	6.16255e+06	6.21628e+06	5.95392e+06	5.97916e+06	6.35742e+06	5.05408e+06	4.76515e+06	4.93341e+06	5.82144e+06	5.7711e+06	4.15939e+06	5.09688e+06	4.13972e+06	5.0939e+06	4.49103e+06	4.99735e+06	4.77739e+06	4.22592e+06	4.55642e+06	4.37434e+06	4.27436e+06	4.32782e+06	6.06535e+06	4.07183e+06	4.75942e+06	4.73939e+06	5.06425e+06	4.7739e+06	4.97449e+06	6.19317e+06	4.32449e+06	4.18712e+06	4.28011e+06	5.04862e+06	5.03213e+06	5.67955e+06	5.69391e+06	5.65932e+06	5.24619e+06	4.69339e+06	3.93504e+06	5.76124e+06	4.84796e+06	4.64357e+06	4.52409e+06	4.40999e+06	4.38709e+06	4.50689e+06	4.90109e+06	4.51821e+06	4.62371e+06	4.60285e+06	4.67764e+06	6.02192e+06	5.23408e+06	6.00076e+06	4.61391e+06	5.07055e+06	4.25883e+06	3.71733e+06	3.96286e+06	3.90738e+06	4.09486e+06	6.23755e+06	6.22084e+06	4.15604e+06	6.11008e+06	6.09236e+06	5.25063e+06	5.25086e+06	5.88779e+06	5.11823e+06	4.49297e+06	4.01987e+06	4.16006e+06	4.14014e+06	4.10451e+06	6.12325e+06	4.28593e+06	4.98821e+06	5.15313e+06	5.03742e+06	5.12348e+06	4.97522e+06	5.0514e+06	4.55506e+06	4.73285e+06	4.70464e+06	4.29335e+06	4.24089e+06	5.77985e+06	4.50117e+06	4.58123e+06	5.80145e+06	4.47507e+06	4.4702e+06	4.35526e+06	4.55338e+06	4.56961e+06	4.47578e+06	5.03317e+06	5.06825e+06	4.5383e+06	4.76736e+06	4.72281e+06	4.87824e+06	5.07361e+06	5.09545e+06	4.29827e+06	6.14323e+06	4.25529e+06	4.47796e+06	5.08059e+06	5.19076e+06	5.13374e+06	6.02552e+06	4.69285e+06	4.63887e+06	5.09731e+06	5.00496e+06
5.79083e+06	5.60106e+06	5.79341e+06	5.59503e+06	5.8143e+06	5.08676e+06	5.75344e+06	5.81093e+06	5.83882e+06	5.03478e+06	6.11335e+06	5.90851e+06	5.09918e+06	6.01074e+06	6.06477e+06	5.8927e+06	6.03492e+06	0	4.45136e+06	5.30748e+06	4.82158e+06	4.91863e+06	4.60072e+06	4.62043e+06	5.21835e+06	5.81006e+06	5.35391e+06	5.22628e+06	4.9015e+06	4.85856e+06	5.84914e+06	5.65507e+06	6.09242e+06	5.90848e+06	5.71946e+06	5.81682e+06	5.78322e+06	5.78435e+06	5.68358e+06	5.71535e+06	5.81372e+06	5.81019e+06	5.38163e+06	5.92503e+06	5.66934e+06	5.69167e+06	5.99202e+06	6.0709e+06	6.02069e+06	5.25071e+06	5.92066e+06	6.03828e+06	5.96802e+06	5.67978e+06	5.66148e+06	4.79406e+06	4.84936e+06	4.92115e+06	4.71079e+06	5.65976e+06	5.93381e+06	5.09984e+06	5.77287e+06	5.7561e+06	5.72544e+06	5.8706e+06	5.71039e+06	5.70448e+06	6.00011e+06	6.11557e+06	5.93269e+06	5.91976e+06	5.88916e+06	4.85588e+06	4.73057e+06	4.92291e+06	5.99798e+06	5.67452e+06	5.84137e+06	5.92189e+06	5.88876e+06	5.90036e+06	5.78464e+06	5.53997e+06	5.40319e+06	5.82713e+06	5.05332e+06	4.71313e+06	5.24093e+06	6.07565e+06	5.78385e+06	5.30375e+06	6.02222e+06	5.79305e+06	5.82629e+06	5.87647e+06	5.84835e+06	5.12826e+06	5.80981e+06	6.01039e+06	5.97899e+06	5.65838e+06	5.70704e+06	5.67804e+06	5.69935e+06	5.78848e+06	5.83924e+06	5.89419e+06	5.86236e+06	5.77987e+06	4.55365e+06	5.93845e+06	5.67782e+06	4.66626e+06	5.71065e+06	5.48259e+06	5.79328e+06	5.63089e+06	5.90112e+06	5.91037e+06	5.90678e+06	5.8872e+06	5.9095e+06	5.83653e+06	5.88574e+06	5.77941e+06	5.97314e+06	5.95654e+06	5.78714e+06	5.19316e+06	5.8773e+06	5.734e+06	5.99938e+06	5.99003e+06	5.1337e+06	5.0591e+06	5.70944e+06	5.79556e+06	5.65931e+06	5.70677e+06
5.71203e+06	5.5019e+06	5.71365e+06	5.49742e+06	5.73671e+06	5.02793e+06	5.69247e+06	5.7403e+06	5.78585e+06	4.9459e+06	6.09559e+06	5.83452e+06	5.02579e+06	5.95284e+06	6.05477e+06	5.80705e+06	5.96575e+06	4.45136e+06	0	5.24933e+06	4.72834e+06	4.84586e+06	4.55596e+06	4.57507e+06	5.17442e+06	5.751e+06	5.30739e+06	5.15509e+06	4.84889e+06	4.79431e+06	5.79661e+06	5.59594e+06	6.02382e+06	5.87034e+06	5.66945e+06	5.75978e+06	5.71784e+06	5.7031e+06	5.62847e+06	5.63302e+06	5.72956e+06	5.74899e+06	5.35302e+06	5.85031e+06	5.60901e+06	5.63014e+06	5.94092e+06	6.05013e+06	5.98463e+06	5.19214e+06	5.85579e+06	5.9648e+06	5.90684e+06	5.61287e+06	5.59095e+06	4.7474e+06	4.80004e+06	4.86781e+06	4.75957e+06	5.57783e+06	5.86164e+06	5.03078e+06	5.7122e+06	5.68659e+06	5.63715e+06	5.80863e+06	5.6531e+06	5.62779e+06	5.97906e+06	6.06959e+06	5.87726e+06	5.86158e+06	5.82021e+06	4.80451e+06	4.8918e+06	4.85829e+06	5.92481e+06	5.62636e+06	5.77144e+06	5.83041e+06	5.80106e+06	5.80939e+06	5.71566e+06	5.51733e+06	5.35708e+06	5.74981e+06	4.97172e+06	4.63075e+06	5.17422e+06	6.01471e+06	5.73665e+06	5.23379e+06	5.97523e+06	5.71384e+06	5.73634e+06	5.79629e+06	5.77375e+06	5.09492e+06	5.71316e+06	5.97185e+06	5.93752e+06	5.59717e+06	5.63754e+06	5.6045e+06	5.63015e+06	5.71401e+06	5.76768e+06	5.82544e+06	5.79361e+06	5.71188e+06	4.40763e+06	5.89361e+06	5.61101e+06	4.53616e+06	5.64881e+06	5.41407e+06	5.72737e+06	5.55399e+06	5.84636e+06	5.84364e+06	5.83151e+06	5.84366e+06	5.83295e+06	5.75928e+06	5.82188e+06	5.70759e+06	5.93475e+06	5.92836e+06	5.70231e+06	5.13507e+06	5.81078e+06	5.66971e+06	5.97053e+06	5.95874e+06	5.08312e+06	4.97694e+06	5.63233e+06	5.72586e+06	5.60682e+06	5.64194e+06
6.28465e+06	6.2975e+06	6.27805e+06	6.28327e+06	6.24593e+06	5.64281e+06	6.21363e+06	6.23963e+06	6.26378e+06	5.60539e+06	6.01523e+06	6.22977e+06	5.68013e+06	6.33834e+06	5.95338e+06	6.29889e+06	6.44585e+06	5.30748e+06	5.24933e+06	0	3.33161e+06	2.93276e+06	5.31179e+06	5.32406e+06	2.26872e+06	6.14872e+06	5.75279e+06	5.62927e+06	5.42035e+06	5.53356e+06	6.3022e+06	6.11904e+06	6.37961e+06	6.30244e+06	6.1692e+06	6.20035e+06	6.17542e+06	6.20678e+06	6.15977e+06	6.20485e+06	6.24481e+06	6.23403e+06	5.83e+06	6.32601e+06	6.13726e+06	6.13498e+06	6.35431e+06	6.38536e+06	6.3527e+06	5.75858e+06	6.32516e+06	6.40094e+06	6.37665e+06	6.11005e+06	6.1174e+06	5.42973e+06	5.50599e+06	5.58298e+06	5.47663e+06	6.15389e+06	6.28661e+06	5.72888e+06	6.20398e+06	6.19522e+06	6.1865e+06	6.25932e+06	6.18632e+06	6.15896e+06	6.34822e+06	6.38796e+06	6.24664e+06	6.25179e+06	6.2233e+06	5.42147e+06	5.50245e+06	5.48318e+06	6.3465e+06	6.1439e+06	6.25636e+06	6.32811e+06	6.31489e+06	6.30641e+06	6.27078e+06	5.87916e+06	5.54251e+06	6.28413e+06	5.67084e+06	5.27083e+06	5.75805e+06	6.30175e+06	5.81302e+06	5.76738e+06	6.39523e+06	6.27571e+06	6.25316e+06	6.28201e+06	6.26195e+06	5.72737e+06	6.2559e+06	6.33409e+06	6.33657e+06	6.10816e+06	6.13231e+06	6.1108e+06	6.13674e+06	6.23798e+06	6.26829e+06	6.28164e+06	6.30098e+06	6.2472e+06	5.29099e+06	6.33795e+06	6.1444e+06	5.24118e+06	6.21276e+06	5.81559e+06	6.23023e+06	6.10738e+06	6.25886e+06	6.26158e+06	6.25752e+06	6.24961e+06	6.33203e+06	6.28327e+06	6.27245e+06	6.21582e+06	6.34463e+06	6.34844e+06	6.26217e+06	5.70293e+06	6.31801e+06	6.22408e+06	6.3485e+06	6.34725e+06	5.65187e+06	5.65449e+06	6.13941e+06	6.18822e+06	6.09494e+06	6.14128e+06
5.91584e+06	5.71484e+06	5.91836e+06	5.71308e+06	5.92907e+06	5.28155e+06	5.86179e+06	5.90885e+06	5.96015e+06	5.21709e+06	6.06696e+06	6.02215e+06	5.29145e+06	6.14436e+06	6.01431e+06	6.01374e+06	6.16255e+06	4.82158e+06	4.72834e+06	3.33161e+06	0	3.52789e+06	4.83305e+06	4.8207e+06	3.41681e+06	5.89795e+06	5.51304e+06	5.36632e+06	5.04319e+06	5.05856e+06	5.97802e+06	5.76423e+06	6.21614e+06	6.04315e+06	5.84326e+06	5.92513e+06	5.88645e+06	5.89743e+06	5.7977e+06	5.84139e+06	5.94706e+06	5.94766e+06	5.56947e+06	6.03984e+06	5.78613e+06	5.79453e+06	6.11118e+06	6.18697e+06	6.12073e+06	5.44149e+06	6.04173e+06	6.17678e+06	6.09813e+06	5.78063e+06	5.75881e+06	5.00317e+06	5.1083e+06	5.15479e+06	5.10412e+06	5.76805e+06	6.04876e+06	5.28891e+06	5.89564e+06	5.88543e+06	5.85716e+06	6.0022e+06	5.84811e+06	5.85192e+06	6.12153e+06	6.22747e+06	6.04155e+06	6.02754e+06	5.98792e+06	4.96674e+06	5.18991e+06	5.03563e+06	6.07253e+06	5.77809e+06	5.9436e+06	6.05517e+06	6.02826e+06	6.04233e+06	5.9161e+06	5.66232e+06	5.39707e+06	5.94403e+06	5.25488e+06	4.78254e+06	5.44793e+06	6.13628e+06	5.77955e+06	5.46733e+06	6.13372e+06	5.92101e+06	5.94875e+06	6.00465e+06	5.98238e+06	5.35173e+06	5.93754e+06	6.11481e+06	6.08379e+06	5.75823e+06	5.79572e+06	5.78717e+06	5.7932e+06	5.91966e+06	5.96405e+06	6.02915e+06	5.9719e+06	5.90733e+06	4.79084e+06	6.07429e+06	5.78933e+06	4.76371e+06	5.85815e+06	5.58725e+06	5.91346e+06	5.73081e+06	5.99919e+06	6.02065e+06	5.9581e+06	5.96383e+06	6.01737e+06	5.94995e+06	6.00938e+06	5.88007e+06	6.08135e+06	6.06488e+06	5.90075e+06	5.36906e+06	6.01466e+06	5.87641e+06	6.12083e+06	6.09726e+06	5.32163e+06	5.25026e+06	5.81174e+06	5.88027e+06	5.76315e+06	5.81196e+06
6.01146e+06	5.84118e+06	6.00381e+06	5.82662e+06	5.99839e+06	5.36877e+06	5.9405e+06	5.99044e+06	6.01692e+06	5.30788e+06	6.03783e+06	6.05286e+06	5.39243e+06	6.19273e+06	5.98037e+06	6.07329e+06	6.21628e+06	4.91863e+06	4.84586e+06	2.93276e+06	3.52789e+06	0	4.9201e+06	4.93825e+06	3.10186e+06	5.94636e+06	5.56874e+06	5.4241e+06	5.12707e+06	5.16286e+06	6.06194e+06	5.84265e+06	6.23937e+06	6.09191e+06	5.89987e+06	5.99182e+06	5.94137e+06	5.9708e+06	5.87081e+06	5.91863e+06	6.02004e+06	5.99944e+06	5.63626e+06	6.08481e+06	5.85576e+06	5.85629e+06	6.14214e+06	6.21474e+06	6.17986e+06	5.51943e+06	6.10034e+06	6.21594e+06	6.1638e+06	5.85068e+06	5.8484e+06	5.09551e+06	5.19813e+06	5.24869e+06	5.18231e+06	5.84985e+06	6.09947e+06	5.41225e+06	5.97348e+06	5.95744e+06	5.94003e+06	6.06168e+06	5.93482e+06	5.90405e+06	6.17202e+06	6.25333e+06	6.08175e+06	6.06562e+06	6.03701e+06	5.1004e+06	5.26081e+06	5.15627e+06	6.15552e+06	5.86221e+06	6.01458e+06	6.11574e+06	6.09401e+06	6.0837e+06	6.00295e+06	5.73324e+06	5.4142e+06	6.03066e+06	5.36181e+06	4.89892e+06	5.52249e+06	6.17372e+06	5.77072e+06	5.53807e+06	6.19202e+06	5.99179e+06	6.00687e+06	6.05125e+06	6.02788e+06	5.45582e+06	6.00073e+06	6.15958e+06	6.14801e+06	5.82354e+06	5.88243e+06	5.85758e+06	5.85637e+06	5.9913e+06	6.0411e+06	6.08748e+06	6.0474e+06	5.9894e+06	4.89953e+06	6.12107e+06	5.87526e+06	4.87138e+06	5.9304e+06	5.63853e+06	5.97218e+06	5.81871e+06	6.06337e+06	6.07255e+06	6.03168e+06	6.03582e+06	6.08718e+06	6.01915e+06	6.0652e+06	5.96525e+06	6.14759e+06	6.12925e+06	5.99429e+06	5.47284e+06	6.07641e+06	5.96831e+06	6.15035e+06	6.15079e+06	5.39609e+06	5.35651e+06	5.88558e+06	5.94545e+06	5.83158e+06	5.88031e+06
5.67455e+06	5.4277e+06	5.67528e+06	5.42403e+06	5.70951e+06	4.99825e+06	5.67089e+06	5.72235e+06	5.77046e+06	4.93844e+06	6.07022e+06	5.85377e+06	4.98849e+06	5.93248e+06	6.0246e+06	5.80461e+06	5.95392e+06	4.60072e+06	4.55596e+06	5.31179e+06	4.83305e+06	4.9201e+06	0	4.2965e+06	5.20226e+06	5.75639e+06	5.27312e+06	5.13706e+06	4.7708e+06	4.73615e+06	5.76561e+06	5.57086e+06	6.05698e+06	5.87449e+06	5.60971e+06	5.76181e+06	5.7056e+06	5.68807e+06	5.56504e+06	5.59266e+06	5.72075e+06	5.71425e+06	5.31871e+06	5.8273e+06	5.56136e+06	5.58367e+06	5.94234e+06	6.02706e+06	5.97628e+06	5.15776e+06	5.82745e+06	5.96337e+06	5.88808e+06	5.60978e+06	5.56873e+06	4.60554e+06	4.80475e+06	4.70041e+06	4.90222e+06	5.5437e+06	5.87558e+06	4.89877e+06	5.66223e+06	5.65472e+06	5.61965e+06	5.76838e+06	5.61524e+06	5.61486e+06	5.96455e+06	6.07346e+06	5.88979e+06	5.8659e+06	5.83744e+06	4.61372e+06	5.00847e+06	4.66419e+06	5.92409e+06	5.60396e+06	5.734e+06	5.8375e+06	5.80359e+06	5.80476e+06	5.68337e+06	5.48239e+06	5.30144e+06	5.73712e+06	4.96403e+06	4.79815e+06	5.06855e+06	6.05889e+06	5.72027e+06	5.12849e+06	5.95637e+06	5.68567e+06	5.74096e+06	5.79973e+06	5.75392e+06	4.96157e+06	5.70232e+06	5.96258e+06	5.93099e+06	5.56571e+06	5.61013e+06	5.60423e+06	5.59262e+06	5.66948e+06	5.72769e+06	5.78488e+06	5.78193e+06	5.68607e+06	4.60426e+06	5.87069e+06	5.56882e+06	4.7144e+06	5.62041e+06	5.52145e+06	5.69102e+06	5.50062e+06	5.82488e+06	5.84571e+06	5.82239e+06	5.84697e+06	5.81759e+06	5.74932e+06	5.83973e+06	5.70333e+06	5.91662e+06	5.91044e+06	5.70007e+06	5.10711e+06	5.77692e+06	5.62077e+06	5.95059e+06	5.94552e+06	5.03471e+06	4.95609e+06	5.61369e+06	5.66599e+06	5.56919e+06	5.60956e+06
5.66359e+06	5.4008e+06	5.67078e+06	5.3993e+06	5.7151e+06	4.98737e+06	5.65673e+06	5.72251e+06	5.77e+06	4.92337e+06	6.08395e+06	5.88887e+06	4.99514e+06	5.94259e+06	6.03723e+06	5.82416e+06	5.97916e+06	4.62043e+06	4.57507e+06	5.32406e+06	4.8207e+06	4.93825e+06	4.2965e+06	0	5.20424e+06	5.76788e+06	5.30339e+06	5.15748e+06	4.77724e+06	4.7271e+06	5.75491e+06	5.58337e+06	6.09102e+06	5.8956e+06	5.62441e+06	5.78583e+06	5.70677e+06	5.68697e+06	5.5738e+06	5.60682e+06	5.71763e+06	5.71791e+06	5.31865e+06	5.83551e+06	5.56119e+06	5.59534e+06	5.9465e+06	6.03785e+06	5.98103e+06	5.15478e+06	5.84685e+06	5.98065e+06	5.88268e+06	5.60825e+06	5.58036e+06	4.59515e+06	4.8185e+06	4.71355e+06	4.92727e+06	5.55151e+06	5.89178e+06	4.8655e+06	5.66926e+06	5.65914e+06	5.6254e+06	5.79179e+06	5.61094e+06	5.61055e+06	5.96614e+06	6.09846e+06	5.90722e+06	5.8868e+06	5.84857e+06	4.56542e+06	5.02957e+06	4.61704e+06	5.89951e+06	5.57901e+06	5.72625e+06	5.85326e+06	5.80585e+06	5.83038e+06	5.68108e+06	5.45392e+06	5.31308e+06	5.73839e+06	4.94278e+06	4.80445e+06	5.06989e+06	6.0583e+06	5.74489e+06	5.13805e+06	5.96435e+06	5.6729e+06	5.74825e+06	5.82058e+06	5.77338e+06	4.92439e+06	5.69624e+06	5.97075e+06	5.9313e+06	5.58203e+06	5.62896e+06	5.6215e+06	5.61252e+06	5.67776e+06	5.73056e+06	5.7804e+06	5.76523e+06	5.69279e+06	4.62655e+06	5.88314e+06	5.55959e+06	4.74757e+06	5.62188e+06	5.56656e+06	5.72115e+06	5.50463e+06	5.86177e+06	5.88842e+06	5.79995e+06	5.82907e+06	5.8148e+06	5.764e+06	5.84073e+06	5.69302e+06	5.92163e+06	5.91363e+06	5.66731e+06	5.09607e+06	5.80264e+06	5.61759e+06	5.96746e+06	5.94168e+06	5.06615e+06	4.93867e+06	5.60777e+06	5.66755e+06	5.57088e+06	5.62611e+06
